/start MJ 4 C:\Users\clian\Desktop\Exes\DebugMode\StdinClient.exe
/initGame East East 4 1 0
/initCard 311 431 123 340 462 441 191 432 151 312 230 322 282 471 410 383
2 1 420 1 .
2 2 442 1 .
2 3 421 1 .
1 172 .
-2 .
2 4 441 1 .
2 1 290 1 .
2 2 433 1 .
-4 .
4 4 433 431 432 .
-2 .
2 4 410 1 .
4 1 410 412 413 .
2 1 213 1 .
3 2 220 213 233 .
2 2 450 1 .
2 3 411 1 .
1 381 .
-2 .
2 4 471 1 .
2 1 453 0 .
2 2 291 1 .
2 3 472 1 .
1 261 .
-2 .
2 4 462 1 .
2 1 212 0 .
2 2 393 1 .
3 3 372 393 382 .
2 3 463 1 .
1 262 .
-2 .
2 4 230 1 .
3 1 240 230 253 .
2 1 192 1 .
2 2 473 0 .
2 3 440 0 .
1 260 .
-2 .
2 4 282 1 .
2 1 423 0 .
2 2 181 1 .
4 3 181 182 183 .
2 3 352 1 .
1 351 .
-2 .
2 4 123 1 .
2 1 443 0 .
2 2 363 1 .
2 3 460 0 .
1 211 .
-2 .
2 4 211 0 .
2 1 430 0 .
2 2 263 1 .
-6 .
6 4 4 263 260 261 262 .
1 131 .
-2 .
2 4 322 1 .
2 1 320 0 .
3 2 310 320 330 .
2 2 252 1 .
2 3 193 1 .
1 231 .
-2 .
2 4 231 0 .
2 1 242 1 .
2 2 422 0 .
2 3 273 1 .
4 1 273 270 271 .
2 1 373 1 .
2 2 190 0 .
2 3 210 1 .
1 390 .
-2 .
2 4 390 0 .
2 1 293 0 .
2 2 313 1 .
-4 .
4 4 313 311 312 .
-2 .
2 4 191 1 .
2 1 180 0 .
2 2 292 0 .
2 3 221 1 .
1 341 .
-2 .
2 4 381 1 .
2 1 360 0 .
2 2 470 0 .
2 3 361 0 .
-3 .
1 350 .
-2 .
2 4 383 1 .
2 1 451 0 .
5 2 113 121 133 140 142 143 150 152 331 353 343 .
